-116888975
147195167
743781368
716025123
47898463
-151301129
-97792278
-284736887
-789082157
-73265912
-620270845
-633378937
321006662
20039585
-908534461
921860624
28117286
843002160
460299690
-190004432
203436868
368441423
-833109489
903648358
19903591
116648290
-431019398
-310159931
-900206028
422451386
597512520
-598975751
-211094153
856901680
-700472922
550916357
558070557
857373115
-616152263
533670522
689347530
863003556
649028062
705002788
741455853
577848126
949766775
-286945938
-70583733
-970562361
41905665
970750827
-627708517
-635728197
307499161
896207256
56532031
378185660
-794842108
-33630496
501624331
-400691196
623142328
-541132696
-552447848
-291427550
-890416908
278866073
274194988
-187978834
-986129358
447118857
12306138
-859294517
-845897125
730028676
966261626
224786541
-556372775
637297398
-874814919
236268698
411919497
-345717350
-795772575
890040087
-510548396
48259947
955080624
691385672
-495882940
-395780155
850850714
612526137
10474152
323665596
-304464881
773851057
-977650681
494267932
-836665506
-289930251
-26309471
-454077819
-971962839
523566503
-507670901
-826302879
665020576
74569772
-676304263
279090011
-185968276
258597774
-769124918
-882938200
712521989
953214368
784668119
-162849339
438503928
-565806782
587374773
511508654
524651990
566389455
-363780012
951363300
454226809
361289542
-123663053
552406270
579168836
791294679
-755808525
607932707
-799030464
-19588904
-456659438
-862285583
-171901361
-102540946
-856292624
438401681
881838961
-202736167
-134363558
695024488
556930946
546654118
-992868772
622609105
454606836
466871647
63449197
287157237
-675258257
-17995739
-723196179
-220896597
-516017204
-374710514
284509374
-122073271
280477733
-406676033
648163784
-381134378
816417569
-877616986
114468570
-834762432
-970950839
-372657890
7665497
-111690232
193469501
251297660
-20605628
169062904
-11823929
546483589
887625040
-24098577
-458211832
-972687811
-865379783
22931378
-189494222
-506052079
-664599773
-742761245
608262765
-25525089
264670668
-471544485
862908423
660745382
680888942
-429264103
683007767
460070218
31230748
458093443
351189119
397602209
931086354
605611996
646973039
404833076
-602519978
-526073238
419781817
-594249103
-727222673
290223967
596396737
613313319
648168539
-986711853
525892833
-565890520
-956126176
3817559
994610717
630697741
457361700
-577594502
-146921268
431508768
725461996
-808448987
-551693150
693053299
-70265225
568781540
-48958576
-444518402
615553118
556393633
408318410
-156161467
716334661
-226563750
790424930
145758523
760492717
-434370637
-669910704
-425872242
-234214375
598497267
443949297
-714406495
480579357
65407105
-181131242
-390372758
515445965
844231699
-216691467
-90599663
449141777
-76456694
-198666778
-670651181
675559394
-328273329
969269634
-675586816
183597251
158765731
448506934
-46522348
-242186721
-196302681
-315447619
168799063
-447584152
-868458004
-283673037
278099303
633509981
-292272922
29902203
-408448876
311452769
788639618
-424252391
73664820
758858670
-284943290
-994302931
604801508
160073146
-423190675
918351204
703482517
199210779
890393748
-800508989
-469173249
489367089
-945960631
555237820
55756510
-158759397
-739690803
436245434
688129646
-775613208
453325289
-751372494
150896323
297451899
-271366065
-533933403
68681100
948636466
-88351545
-115637293
124416761
350910991
-999500752
702841444
-196865395
666011887
244343183
861273853
383872300
56806722
239480682
991448298
-252205532
381455678
-524221900
-809481528
-70789494
337800200
144185756
40386351
-557523979
871644991
-108931004
272911310
-447031243
-328699224
-378591288
874448345
844332612
501491653
257626425
-401019935
-480180567
956118974
177852821
572625646
-121610668
-590507906
-216577455
255460271
728132779
-842661505
625004779
-174695493
534158895
868499796
672032182
-280360408
94098210
-820435105
359201775
-70325859
-237384245
552564581
-361016561
-934366402
655728435
-305512930
-496585617
-951009515
-358400604
64136470
-394849226
-204934338
522665191
-528159052
666379796
106538246
132640159
-835773351
654159962
690550845
-125904361
-107603156
-188122846
-858220992
-526700095
-764594688
-24816378
945992147
872151565
958848001
206250369
-643763823
328279000
-598130871
199523330
668768803
-899521499
34697785
700815097
325350909
898282475
179694920
-13943226
-633512559
-658832468
13547575
529865040
378179830
-319806636
-11702078
-745401879
116873560
559078882
-205028167
64345759
815593764
-978685761
-468875085
735561426
-305748907
-208889036
173363184
-190360885
-261719459
-90423306
-241129778
-394737732
555233300
189298052
533075569
213831453
679786898
888423281
758897992
-530267562
-327617159
-20954799
284645769
955248119
96148880
817177121
599347105
-127640110
422944339
799104512
-893990992
-761335441
-89205677
-393404620
-433175944
-239327247
-843909198
293281787
-16887859
875116112
868394221
-871527822
-747465515
323318925
719402788
142657781
255604425
-862726088
-128864506
-134325675
487192416
339524974
279216226
-407632183
-889169523
-862604779
762814827
74546797
-761665199
247834098
-77686149
-694705119
-287384277
316923185
-37449049
-301607195
-2609739
-205678418
-516678963
479288838
90613562
40286618
-282584172
-893866614
316451600
-735131585
113460730
-834597983
985511546
-241842056
786054200
-163456617
409442238
877667089
936477935
-570484722
525721179
921280281
415984220
-5439724
844802496
844045403
-406923223
-378773203
882842734
-899590016
-319466424
-274247755
676790649
948741795
333130161
182774856
210028174
-155129192
349684663
111604233
-145094614
146773494
-159758807
894283431
882578610
-728001030
621447986
66205570
-87538796
-556200961
-717955471
200380137
884853303
80371019
-438985137
-286052035
738887320
-884673215
397536931
-672814123
-308420660
-931418076
997457825
-134626163
619698867
-804771393
-664057570
-314564023
60491239
-365393765
535543314
-294487635
18056706
859709310
796537941
-982123468
-734006175
-931370820
-586718950
907844704
-622076109
-966138760
904992920
-669109952
730601218
755529922
85678179
-417227244
-865889560
732015706
-671247355
191458927
-455192603
-184972042
252878889
-879168816
-280839807
-224607271
-630184632
-763355744
923113630
-190287850
-829363128
-832835969
-137377374
437960593
195733181
492902827
851919108
-433354325
988822767
869822642
-54986865
169429962
-789254842
-649512109
-995593171
35775058
32742059
885508829
-702789566
-42327599
-980920326
-775841151
466309029
-880530169
-942776395
365773080
-797526737
839223153
744573440
-624165039
680018560
951180133
364574093
677838259
634609152
205946452
542363782
-284759191
-279508299
-91712348
-84360374
686629021
-97754363
-53230444
252135597
109552000
166590256
726289858
-245843573
-334572010
926941511
-100062668
732942364
-944902553
-572682642
901706251
-116643905
-741269369
-331591422
667685798
-95042349
248129089
535517424
-218908741
-625328165
-710223139
171671916
-13031389
-409180353
-653083058
779733353
-365449653
-810943183
126596993
104421735
-836548660
-184681651
494576652
-32150098
504370516
-208545575
-578270208
-892350934
231594728
129000667
-683237481
-583350407
-698751779
-50502449
915938097
-314626003
898510750
868438627
441657679
-604356340
270721800
714555487
171837536
987492395
116955363
429844297
742128276
201218016
-479954514
948177818
-534625055
465312582
698352317
-912215391
-250655551
-762926651
-67056491
-640321751
-194695936
313532361
-567680935
-390060511
519189410
796091080
-864091520
-121292717
-881043791
-929786602
528809817
175056777
-576524900
123281757
-945414945
-539143577
137530819
-654579322
447788749
-794150235
-544438060
94456339
-641300499
30721764
-16763772
540101200
-903117059
992610330
387149785
180673739
-974654896
-90367832
586122677
525414205
337223824
-822855509
-727088678
-385265127
-554457598
-865123217
502466292
-90418430
191481444
711963230
934379250
829422420
375723656
262849295
-525652605
-808816969
-123330367
-513223150
187739594
553042619
-153584427
-435334825
922806170
-364756353
-649675653
349660924
24853733
750135312
745278175
-989201065
-24723642
455881894
-62983698
-795095731
847059249
-68128572
589892796
517188701
870259936
-719231108
-648008491
-352548130
811061702
809681331
-110459580
988350909
-421488143
671374431
710851194
585004085
324216514
-715120416
-146154115
348795842
174243862
195810404
-688287033
-933730611
111438401
-616720289
-753281799
-401085213
967727547
511399064
421477198
-886016949
726537518
-785866937
218232243
182442174
-520154024
982530606
-294497143
-489821431
-625010027
16111305
405659197
666894778
-289432932
-500734333
429816584
-6423472
-977474619
624310116
451531989
-331432793
-262949181
464746641
602885446
596752491
-735659573
-582324834
984078018
-514618916
772969020
-28352991
-515886342
230554097
-452025563
708800612
433535113
-877985209
-946418578
324303570
-328431753
92988373
522521463
-577831990
114715019
633372578
-560944280
-435367648
296170999
275125572
-390334353
-424007440
475650800
-727632264
-282132997
35515250
-227781614
-743577201
-920138388
-225405446
-887188631
880705729
838400009
-157838940
509130906
-830772344
-472284294
16299980
329620709
-416876547
129855890
14924899
805217440
699463282
-46469416
-129144027
198231756
59418003
382000075
-725833870
-744070746
-220142721
454082754
-77050175
402485956
725516044
-710736691
-859442584
-323228621
-484811983
-193903491
364999826
896990722
921775311
-57681760
-604134096
-34883092
-297134045
212074558
-449302322
83849879
-737357857
611242452
807332310
-566509313
-954035964
115545614
232476964
102519235
-798040423
591865000
357681666
-323190753
-137450423
25357870
704909284
-380690674
935050481
-169052347
-578241623
543256874
-144508932
992408692
-331074275
567640379
-665164247
91614460
-808568878
-951257300
200595865
460663611
-674680977
551911070
262704010
-751059683
139831722
-984933632
-403716223
35350808
-338000825
546716311
611499627
494602236
-27906489
-567595488
203951816
-251410775
554084926
-682936743
-243084119
-133445878
-62309539
362832596
230967759
-372790042
151050238
633250272
-343207380
394358978
769568644
-948983420
202419564
-790054496
-323269823
-391688398
-520049597
-461519398
89684150
589765561
538330492
-230886042
-399528056
301958059
-274595985
-767765501
-404923561
-29589759
248371837
559609435
-64493311
-28104644
-996214973
19399714
732418895
144453300
699586908
61407340
430807317
576540341
636255836
-612008040
-874162804
-602962740
